param k:= 3;
param m:= 60;
param d: 1 2 3 4 5 6 7 8 9 10 11 12 13 14 15 16 17 18 19 20 21 22 23 24 25 26 27 28 29 30 31 32 33 34 35 36 37 38 39 40 41 42 43 44 45 46 47 48 49 50 51 52 53 54 55 56 57 58 59 60 :=
1 0.0 0.06325044592031749 0.016213443323746756 0.02935001373373854 0.08908653986333666 0.030069934915633423 0.03189114517458627 0.053663956760254 0.08708634722102765 0.03860696485212947 0.07579777407565451 0.03144615396120216 0.04726335970158786 0.02737776234886587 0.06577996041263075 0.461466923808846 0.4694751084467363 0.46823020509532853 0.47680717021101815 0.36606254236747265 0.4578261683492678 0.40704095169876414 0.4712028769768296 0.3669956912816427 0.4583223364961619 0.44572674010846725 0.41222184027398906 0.3812411489453387 0.42670608342366095 0.4567326561050467 0.3382019261417357 0.3570495074553537 0.30422241742209566 0.4038676071018602 0.38282642023582375 0.41664734399752557 0.36308975347620787 0.35990600719135174 0.3661661526080178 0.3671317967490087 0.43206925768370125 0.32489250410784515 0.376291842824752 0.3901436293273948 0.3615797714593385 0.5211049570436459 0.38746237880393236 0.36101800250425425 0.45917353275189027 0.46126890828184547 0.31482701088205417 0.6021470719427549 0.5306879297603984 0.5382234794996154 0.3751705278212212 0.8264884706150111 0.3693369691364949 0.3531472184042423 0.36587396967536484 0.7534108074340796
2 0.06325044592031749 0.0 0.06481721099319362 0.0772335965562867 0.13786688051880489 0.0928628626809877 0.03466694381082851 0.031485804673810104 0.12050858333980063 0.052304330049030665 0.027122922726247924 0.08850619945746796 0.019556163568737007 0.08257391434427921 0.04583994494731842 0.4068238283710962 0.4162604118419802 0.4174272467258745 0.4214615443663335 0.31026625351549025 0.4074565078415714 0.3514678047999467 0.427741442356841 0.3197048608706696 0.40868470197289536 0.39492060612156477 0.3611141525490213 0.32634774698617836 0.37339266892369755 0.40367259521994503 0.32885798431148694 0.35457642954452 0.30375871070056587 0.39257768935501064 0.38541935413851497 0.40452745927106054 0.3603071373015312 0.36082981056921576 0.3648401023282971 0.3635939730997887 0.42420601764516924 0.3153229828967891 0.3613690785892578 0.3655763509772342 0.34904460153966815 0.4902295102928508 0.4250722569730937 0.4106452967953146 0.45588932374761065 0.42124790571235693 0.29396150022662887 0.6135397096439316 0.5171642934780043 0.5285738025992073 0.33865375832156147 0.8469208931747537 0.34350325480393423 0.4130894610210179 0.34036293739123863 0.7291854045454099
3 0.016213443323746756 0.06481721099319362 0.0 0.04517987295954873 0.10248310987075951 0.037431240920089086 0.030245082020468807 0.047240769206521344 0.07175876534415698 0.0525842405077895 0.07139940761004256 0.023689316162409043 0.05258403212111652 0.04171633137547397 0.055919634470321354 0.45359280251773704 0.4610132348921443 0.4589042246167338 0.469212949456237 0.35888798939902783 0.4483736085074893 0.3996709521437984 0.4597847255011929 0.3568001265681791 0.44863277991737954 0.4364404542019959 0.4031033551995188 0.3736316376813364 0.4183575083398467 0.4482324983891948 0.3223666541701847 0.3409167934138327 0.28806535363749036 0.38808645370293515 0.36661402846393404 0.40090751352959797 0.34696271868967365 0.34370823527535443 0.3500031812273972 0.3510245059777419 0.4160910155678268 0.30908501752432893 0.3607872690192968 0.3755708018303233 0.3459180323886521 0.5072110323269271 0.3742212223348627 0.35090802160235035 0.44302896081041765 0.44908748397185816 0.29997618229693185 0.5861464324294227 0.5149686510927727 0.5222836082300215 0.3624549612226892 0.8111312766116237 0.35495798545071156 0.348356250864331 0.3514604934813322 0.7385159070811431
4 0.02935001373373854 0.0772335965562867 0.04517987295954873 0.0 0.06272823987550358 0.029971879679229593 0.05463185312250337 0.07777703419219383 0.11289344956127868 0.030742782838929186 0.09644594647382713 0.05187164785231887 0.05795817614165365 0.00974778589871434 0.09215610311211 0.48283329138523606 0.4916301147283243 0.49153119422705255 0.49776230111981784 0.38665809322595396 0.4813039767017926 0.42781009127950415 0.4970804174654017 0.39153655161062734 0.4821037057116533 0.4690051407203946 0.435331970364926 0.40239788064537974 0.44877463858023087 0.47895740964945094 0.36750319527615194 0.3859909936035052 0.3330897795982035 0.4331905345070322 0.4112582096039234 0.4459817886546446 0.39204662093579157 0.388551140873862 0.3950054502285315 0.3961373653525239 0.4612708611936413 0.3542052054793835 0.4056368692078367 0.419084738995484 0.3909265114309114 0.549504968952368 0.4069153095313609 0.3739389275994768 0.48807406472232906 0.48800972257637637 0.3439463398041536 0.6289290567302789 0.5600274043103777 0.5674605830458653 0.40252832598038885 0.8509605464387882 0.3981512571596675 0.3558437532304636 0.39471322170129775 0.7825204937805343
5 0.08908653986333666 0.13786688051880489 0.10248310987075951 0.06272823987550358 0.0 0.06838591179361107 0.1173090785968556 0.14044139695198715 0.1567481007278245 0.08624985311607594 0.15887218739143072 0.09727811469449957 0.11831168361937615 0.06173756677321186 0.15433769747130408 0.5446146223873269 0.5537654112077071 0.5540549460527084 0.5593193221936147 0.4481291432909517 0.5438735275356562 0.48932761696069854 0.5596634872295085 0.45426196548923065 0.5447364703870343 0.5315283859265852 0.49781968113379227 0.4641413274940126 0.5108964121414509 0.541126964925128 0.42062076803629195 0.4354832880400054 0.3823865233491706 0.4865377326077881 0.45753398347325774 0.49960657706231276 0.44161983528277343 0.43613868051256677 0.4437528525107241 0.44605495920465493 0.5127237310575786 0.40758805925715097 0.46080384564069937 0.4777344040906626 0.44520934565706255 0.6096938666513056 0.4240022129911403 0.3755575909696813 0.536852769578776 0.5502155191480382 0.40182803637104597 0.6668271766904118 0.613600312782557 0.6190835774416459 0.4642548027781144 0.8798455847287489 0.4572908695835302 0.33542039251980954 0.4537703595765537 0.840094950889079
6 0.030069934915633423 0.0928628626809877 0.037431240920089086 0.029971879679229593 0.06838591179361107 0.0 0.06185241421947592 0.08281845476965276 0.0904718664079965 0.05720035916074206 0.10566571180237672 0.02914805438033298 0.07573152419830789 0.020360678033874296 0.09315191851286891 0.4904349162207017 0.4980948826145875 0.49623053508983533 0.5059241944348533 0.3953616091890543 0.4857237150687653 0.4362579482973217 0.4970677998568261 0.3942281195842029 0.4860204387746289 0.47375684429320625 0.44037815532713814 0.4103367182365877 0.4553925676106437 0.48532642120418984 0.3524158867062458 0.3681680714022828 0.3150748434612776 0.4183239622108915 0.3914519787071744 0.4313572377349709 0.37428456868182136 0.36949849762120174 0.37669501785843845 0.3786162177648193 0.44490274157632487 0.33933924499146156 0.3924214646764492 0.4098727174181984 0.3768734826405532 0.5425871827666374 0.3779009988260528 0.34397143573611405 0.46986110497456696 0.48606688284971045 0.33376698989991543 0.6053630838788798 0.5453851107073816 0.5512643223138077 0.39913027719420135 0.8246029160930174 0.3896579400350209 0.3281344081217415 0.3861008517922664 0.771843646823915
7 0.03189114517458627 0.03466694381082851 0.030245082020468807 0.05463185312250337 0.1173090785968556 0.06185241421947592 0.0 0.023145400406105274 0.09090972533775896 0.04305044641084245 0.04391605873936474 0.05391662470486856 0.025699641795928485 0.05663531601011982 0.038357078802485164 0.4300221593961044 0.43828592014645484 0.4375427531080234 0.4452582629855592 0.334412043217927 0.4272304063276902 0.375436378091305 0.44245382796425475 0.3370572247138603 0.42789844468769833 0.41502358401851097 0.38142734615314466 0.3497227135395613 0.3954769385087263 0.4255668507715133 0.3220546468431798 0.3441267312326454 0.29200570202121673 0.38709722106079575 0.37242059574143077 0.3995501850662696 0.35004521555549617 0.3486094695152461 0.35381945317620056 0.35374957237320853 0.4169073745402373 0.30858418476832583 0.3578582989360856 0.3678100163568229 0.3441220735134934 0.49663844371348165 0.39631922226251953 0.3778510548242031 0.44618407390104303 0.43356520767728535 0.29368483548660945 0.5966028117756823 0.5132298921351679 0.5224851631401453 0.34845609852504134 0.825904592731237 0.346450925036653 0.37842278100349624 0.3431011325417534 0.7317413994334047
8 0.053663956760254 0.031485804673810104 0.047240769206521344 0.07777703419219383 0.14044139695198715 0.08281845476965276 0.023145400406105274 0.0 0.0902497088166075 0.06359318911061511 0.024685257114639734 0.06919493195966915 0.03637963042600633 0.07952386701838891 0.01715416976136452 0.40782752800530153 0.4158161948065945 0.41474166144933483 0.4232140976561749 0.31256430691704606 0.4043863427409124 0.35349298624363756 0.4193095340771159 0.31400314895583703 0.4049854956074921 0.3922291313418294 0.35867895800190563 0.32763645505622113 0.3730433452205317 0.40307654320641595 0.3036385874252724 0.32744121351967015 0.27593124696670146 0.3682027714118689 0.3571227995484038 0.3804662908451888 0.33327172746191214 0.33285816602778356 0.3374364799645694 0.3367727182123451 0.3988047301198193 0.29012161236910017 0.3381773569714907 0.3463498645649276 0.32496071517291786 0.4743285364428128 0.39391469085427466 0.3817429570436664 0.4292181325019742 0.41050336871858756 0.27284350145483016 0.583808637668727 0.4938220020834937 0.5039332265243461 0.32558472663151206 0.8160511178951806 0.3247929164265956 0.38980456859476814 0.32149135178560134 0.7103537494409047
9 0.08708634722102765 0.12050858333980063 0.07175876534415698 0.11289344956127868 0.1567481007278245 0.0904718664079965 0.09090972533775896 0.0902497088166075 0.0 0.12424584580582643 0.11084129466399442 0.06194959651494017 0.11658517924814535 0.10611526026697217 0.08289387819078471 0.4503531488378488 0.4546255257602625 0.44793171549255595 0.46716658934711214 0.360959270023587 0.4368646115076652 0.3998958689408623 0.43674664931791535 0.3428556357259534 0.4358117097294191 0.4260262508727199 0.3941800269771839 0.3731924503638742 0.4132440882274573 0.44183473745417723 0.26570156756707897 0.27881241698423587 0.22573489184271545 0.33150641562406774 0.30111348379309005 0.3447556376987344 0.28495669235822574 0.2794406083205029 0.2870094302735706 0.28945055358729976 0.3564988002276694 0.2529834170303068 0.30780732280006096 0.3314164302945166 0.2912620275122525 0.4670427313465638 0.30544118999581693 0.2920730676801097 0.3801048203253117 0.4213999006377827 0.25466988015956815 0.5160595845601075 0.45839555193982595 0.4627972441706034 0.33263929702497597 0.7394278997457395 0.31277224927961145 0.3105573245505967 0.3090441725874898 0.6892187480435248
10 0.03860696485212947 0.052304330049030665 0.0525842405077895 0.030742782838929186 0.08624985311607594 0.05720035916074206 0.04305044641084245 0.06359318911061511 0.12424584580582643 0.0 0.07606322030536472 0.06971696798691372 0.03304066035636285 0.0393997662909949 0.08034588274767439 0.4589421582794468 0.4685188473477378 0.46971506837022464 0.47345940807275405 0.362254373848446 0.4597241141479571 0.4034654767013111 0.47901727844772446 0.3716038101175029 0.460906365641913 0.4472055284511604 0.41340468191430624 0.37847296089975097 0.425654360432862 0.455942710665294 0.36507797011342186 0.3867398202564175 0.3344266802493042 0.4301465862900696 0.4144148293983208 0.44259994317415724 0.39268573172369575 0.3908418794831089 0.39631497397078247 0.3964555757886276 0.4598768396783072 0.35161331585737743 0.4008530313103328 0.40994055812340435 0.387168532331418 0.5375782432163593 0.42605673445663966 0.39853885239195336 0.48885331348784206 0.47164243618313895 0.33626568212225594 0.6368115375129502 0.5562658925548248 0.565508728669481 0.3878075738630812 0.8633747031699931 0.3883810179707215 0.3852422279348071 0.3850829871430061 0.7739428966818607
11 0.07579777407565451 0.027122922726247924 0.07139940761004256 0.09644594647382713 0.15887218739143072 0.10566571180237672 0.04391605873936474 0.024685257114639734 0.11084129466399442 0.07606322030536472 0.0 0.0937905392121402 0.043488399508687256 0.09981232453091667 0.028252267007719038 0.38659554415578334 0.39520818914768396 0.3951827723014218 0.4016914103300909 0.2907320209913867 0.3850114510849559 0.33180875463110177 0.4029725723536417 0.2959472949553749 0.3859316178573745 0.3726562226944333 0.33895101035722947 0.30621650157724417 0.3523596843807253 0.38252679287784336 0.3026152015113056 0.3292140449437039 0.2789245466088188 0.3660225807611995 0.3608436249086972 0.3778840057996327 0.3348797776419974 0.3360243284199764 0.3396339043557782 0.3380419917437979 0.39796546727284016 0.2890861622484667 0.3345520699676506 0.33846046044441097 0.32243468341480613 0.46345508292452137 0.41097003105078167 0.40291266873615394 0.4301897980358875 0.39568365801100436 0.2668965326153348 0.590305245431942 0.49033105542383554 0.502044730992358 0.31239303827149206 0.8257127772983603 0.3164034583439389 0.41395290831871184 0.3132561341683181 0.7021047759465022
12 0.03144615396120216 0.08850619945746796 0.023689316162409043 0.05187164785231887 0.09727811469449957 0.02914805438033298 0.05391662470486856 0.06919493195966915 0.06194959651494017 0.06971696798691372 0.0937905392121402 0.0 0.07568705157223747 0.04437292184151281 0.07489849723381178 0.47184365478445556 0.47861318341422715 0.475469788183013 0.4877384065382019 0.37795784722757103 0.46479029196685284 0.41849620861114833 0.4732910325688931 0.3723639735507867 0.4647394649604164 0.4530837929587322 0.4200011807622055 0.39225366653678384 0.43613475229209026 0.4658029937798398 0.32336635566373556 0.3390389360433551 0.2859492728198404 0.3892805278837375 0.3625441842679326 0.402336418636539 0.34515322126072917 0.3404730319610318 0.34759680267549664 0.34947629826634485 0.41576102621069033 0.3103170258471883 0.3636141455797472 0.38205163571008993 0.34794026774574405 0.5154511677091387 0.3568690412646603 0.32962021853538215 0.4407655067104802 0.4612435573089808 0.30573440026522225 0.5777644196947269 0.516343886797967 0.5221235369655761 0.37371578471104633 0.7990896166359048 0.3620987325520912 0.32471513449922557 0.3585050128187465 0.7434504413033314
13 0.04726335970158786 0.019556163568737007 0.05258403212111652 0.05795817614165365 0.11831168361937615 0.07573152419830789 0.025699641795928485 0.03637963042600633 0.11658517924814535 0.03304066035636285 0.043488399508687256 0.07568705157223747 0.0 0.06380251042242281 0.05340623970088297 0.4263588085928044 0.4357361651675941 0.4367329252710745 0.44101299892756946 0.32981931817447707 0.4267207825074344 0.3710198215355476 0.44617756477458037 0.33858464121362486 0.4278797903109279 0.41421975593792865 0.38042779769125257 0.345882567393169 0.3928665220376227 0.4231377434998471 0.33983825417943764 0.3638188044466105 0.3122638494446253 0.404234600591019 0.39335645800838304 0.41642007426782857 0.36965093040920727 0.36916029830560876 0.37380173317298593 0.37315121858735045 0.4350549854573244 0.3263139682105987 0.37385672598238306 0.3803437164434847 0.36090355852840633 0.5065091918199257 0.42201073277125917 0.4028253660299745 0.46559513786405843 0.4391423538427067 0.3076830570994249 0.6193411467064959 0.5295925086295832 0.5400514883667467 0.355834603824501 0.8501320646850623 0.35850437837492777 0.3999671003751328 0.35528527249383796 0.7442565937490335
14 0.02737776234886587 0.08257391434427921 0.04171633137547397 0.00974778589871434 0.06173756677321186 0.020360678033874296 0.05663531601011982 0.07952386701838891 0.10611526026697217 0.0393997662909949 0.09981232453091667 0.04437292184151281 0.06380251042242281 0.0 0.09275043574917759 0.48639229320518423 0.4948342590630137 0.49417612273407613 0.5015027524856225 0.3905180990925911 0.4838559373634267 0.43161145337203366 0.4982184223424941 0.39349122472392234 0.4844958482292037 0.47165751729999084 0.43806245532560467 0.4060262185682038 0.4520094386059765 0.4821263910685848 0.3635900520748625 0.3811510958025898 0.3281554439335874 0.4293848956031185 0.4057384677509449 0.4422637714264462 0.38723049854845304 0.3832859951281613 0.3900009205517384 0.3914062014100655 0.4569622927485564 0.3503590989601973 0.4023781066729903 0.41717332197188434 0.3873770351704164 0.5484071556506179 0.3978863761283474 0.36426484778417134 0.4831356728566661 0.48851907975247943 0.3416655417424842 0.6220999250365471 0.5563395163809539 0.5632411431005876 0.40252117262383963 0.8430780480123684 0.3964666808407109 0.3463755735431862 0.39298714669166923 0.7802197469728925
15 0.06577996041263075 0.04583994494731842 0.055919634470321354 0.09215610311211 0.15433769747130408 0.09315191851286891 0.038357078802485164 0.01715416976136452 0.08289387819078471 0.08034588274767439 0.028252267007719038 0.07489849723381178 0.05340623970088297 0.09275043574917759 0.0 0.39775792116471037 0.4050961572184567 0.40308212075836863 0.41345256039699385 0.3033321239076807 0.39258761393956226 0.34400982283998643 0.40547786273790104 0.30135221383216254 0.39293305255313465 0.3806061706492686 0.3472296995819222 0.31789019197297314 0.3624491998102228 0.39231425161944616 0.2865009825278164 0.3105157163605829 0.25914902342447615 0.35104867935242556 0.34049349269429635 0.3633134807810623 0.3163289936934178 0.3161268637526521 0.32056637944923605 0.3197945527332311 0.3816826668495189 0.2729822492561647 0.32105439559860716 0.32968910329274254 0.3078087361777549 0.45828164557964063 0.3830124882473452 0.37488728023353113 0.41222764176417115 0.3959193743328981 0.2559308038142088 0.567854282001045 0.47668340253161945 0.4867840843508208 0.31039888376092406 0.8011500938794722 0.3082372482214754 0.38862822799569563 0.30490783540025784 0.6936716944921296
16 0.461466923808846 0.4068238283710962 0.45359280251773704 0.48283329138523606 0.5446146223873269 0.4904349162207017 0.4300221593961044 0.40782752800530153 0.4503531488378488 0.4589421582794468 0.38659554415578334 0.47184365478445556 0.4263588085928044 0.48639229320518423 0.39775792116471037 0.0 0.020842745518105898 0.04904481954755099 0.017977413134370356 0.09711700769599697 0.05265904689197275 0.05625529570193684 0.12640856427221478 0.11868981903581913 0.0608619150061708 0.04897978534526056 0.06326904770483488 0.08047624776209078 0.03802617340414485 0.020971619207342664 0.34396277351682747 0.38593377641614013 0.38223998322538766 0.3495276814788036 0.4239934892221945 0.34870741435747665 0.3861667808238787 0.40557861247444243 0.39534216011510653 0.3832610382146252 0.38189814962354185 0.34067752284678465 0.31984324985025164 0.2621757991117393 0.33076164138681236 0.25671112103164356 0.6259534435430273 0.678099814195554 0.4241973217804428 0.15574535129033024 0.28287738800639123 0.615179814837278 0.39360920288642415 0.42569202052877597 0.18378492924271286 0.8631633553156303 0.2527811050314413 0.7443884830234919 0.2547283266255445 0.4749050292291491
17 0.4694751084467363 0.4162604118419802 0.4610132348921443 0.4916301147283243 0.5537654112077071 0.4980948826145875 0.43828592014645484 0.4158161948065945 0.4546255257602625 0.4685188473477378 0.39520818914768396 0.47861318341422715 0.4357361651675941 0.4948342590630137 0.4050961572184567 0.020842745518105898 0.0 0.02965468651985343 0.029923866900791234 0.1093185666699479 0.035788932946913765 0.07034934659682507 0.10784217194350706 0.11647668114464155 0.043607632781050565 0.03662754264777231 0.06129490855209389 0.09141037603429926 0.04287096063237069 0.01282618276519886 0.33551723792598526 0.3767838508305476 0.3757860401045623 0.33758513377212734 0.4140910036815976 0.3361029197431127 0.37671539938934284 0.39651193533443924 0.38584353580888164 0.37357453321805445 0.36903058890765617 0.33298294488868535 0.3091257688464343 0.25041776484171185 0.3209412514162471 0.23769131748917055 0.6202885106199365 0.6753290012045787 0.41085761822110284 0.13833809836512484 0.27621727900723375 0.6006680474260764 0.376756194550496 0.40919946853995753 0.1743245143813375 0.847688545700816 0.24251591857643787 0.7449096582744844 0.2447017142614816 0.454122787671054
18 0.46823020509532853 0.4174272467258745 0.4589042246167338 0.49153119422705255 0.5540549460527084 0.49623053508983533 0.4375427531080234 0.41474166144933483 0.44793171549255595 0.46971506837022464 0.3951827723014218 0.475469788183013 0.4367329252710745 0.49417612273407613 0.40308212075836863 0.04904481954755099 0.02965468651985343 0.0 0.059425931521349964 0.11925977983176556 0.011351109906392673 0.08564835943552183 0.07820066863552642 0.10533995413341198 0.016215176004670304 0.022526641835379727 0.05631884581172253 0.10060162318728383 0.05193680518266084 0.030049730420251837 0.3132823583629517 0.3536797663171452 0.35562113327105005 0.31184221585745037 0.3901403926868298 0.30977220717354353 0.35330081083426157 0.3734462756329668 0.36235886075384893 0.3499279214944498 0.34241876933253224 0.3115786399101687 0.284624764960914 0.2251143569508843 0.29730740841971953 0.20807826728732576 0.6005197592068373 0.658874825097123 0.38380607186163085 0.10902151132339324 0.25627101433451455 0.5726390571427359 0.34749537383617346 0.38008870482917545 0.15206700420297642 0.8190172779766156 0.21876346905538127 0.7325107183306554 0.22118861323433617 0.4270967326282266
19 0.47680717021101815 0.4214615443663335 0.469212949456237 0.49776230111981784 0.5593193221936147 0.5059241944348533 0.4452582629855592 0.4232140976561749 0.46716658934711214 0.47345940807275405 0.4016914103300909 0.4877384065382019 0.44101299892756946 0.5015027524856225 0.41345256039699385 0.017977413134370356 0.029923866900791234 0.059425931521349964 0.0 0.11120514497996353 0.0655269855949608 0.06999549995053059 0.13760361394517628 0.13666656567855034 0.07346427524299473 0.06434806033042452 0.08120611541443723 0.0955884589173326 0.05585101416202324 0.0361709824662631 0.36136507708862553 0.40317388722479575 0.400009144119444 0.36580034128912187 0.4410288808250461 0.3646798291081326 0.40332522050614256 0.4228447836337756 0.41248949686277675 0.4003516359447151 0.3977510758602398 0.35823660070185553 0.336583329718027 0.2784908770557227 0.3477975434223619 0.267122433381511 0.6438321317027685 0.6960656310547971 0.439814758350151 0.16826093797022326 0.300595356613434 0.6301245212754654 0.40667755243414216 0.4390992093952372 0.20083708332957026 0.8774359246442655 0.2696430511838101 0.7620297707656676 0.2716676289766788 0.4798326707115677
20 0.36606254236747265 0.31026625351549025 0.35888798939902783 0.38665809322595396 0.4481291432909517 0.3953616091890543 0.334412043217927 0.31256430691704606 0.360959270023587 0.362254373848446 0.2907320209913867 0.37795784722757103 0.32981931817447707 0.3905180990925911 0.3033321239076807 0.09711700769599697 0.1093185666699479 0.11925977983176556 0.11120514497996353 0.0 0.11235659574513328 0.04121195488833723 0.16751058066758354 0.08011460983083922 0.11713875019568683 0.09920597254790892 0.06991751280217202 0.018660498612978797 0.06819228667128031 0.09764875906229951 0.30142677069790147 0.34515050157406263 0.32914029703944003 0.32475823566365875 0.3857160857589948 0.3277086027359458 0.34685687908286994 0.36373929781299974 0.3559500513279666 0.3452242696187498 0.36102432962487335 0.29474069289211696 0.2899291742407674 0.24178875361498367 0.2956319116521948 0.28655612933106117 0.5651485809564141 0.6063199434636497 0.4046478620259316 0.18324797660401315 0.2352668426055636 0.5988330227820253 0.3985296736072154 0.4268887252681238 0.16080226566561726 0.8506645092276565 0.225197055062213 0.6624089233330405 0.22572803449028267 0.5257763112851798
21 0.4578261683492678 0.4074565078415714 0.4483736085074893 0.4813039767017926 0.5438735275356562 0.4857237150687653 0.4272304063276902 0.4043863427409124 0.4368646115076652 0.4597241141479571 0.3850114510849559 0.46479029196685284 0.4267207825074344 0.4838559373634267 0.39258761393956226 0.05265904689197275 0.035788932946913765 0.011351109906392673 0.0655269855949608 0.11235659574513328 0.0 0.08129574690074558 0.073952297518052 0.09415000367358692 0.008217135646327199 0.013265653271373513 0.04670902055176908 0.09374091735871905 0.04696715540464557 0.03195239521884412 0.30285991732060613 0.3434966264303585 0.3447957819050135 0.3026170154230982 0.38022446915526487 0.3008449105210401 0.3432078621775583 0.36325724878490245 0.35228931137175673 0.33990499981638406 0.33365550787055986 0.30096976653124397 0.2748713863143355 0.2156570084608495 0.28726427878521504 0.204353298727461 0.5896666795436585 0.6476580990958802 0.3753180194623393 0.10316536902788404 0.24537819742511044 0.5648965424543233 0.34134078065397205 0.3736451051959151 0.14154246932496278 0.8119302288791245 0.208719901504194 0.7211596931009655 0.21107144470951028 0.4274903897903936
22 0.40704095169876414 0.3514678047999467 0.3996709521437984 0.42781009127950415 0.48932761696069854 0.4362579482973217 0.375436378091305 0.35349298624363756 0.3998958689408623 0.4034654767013111 0.33180875463110177 0.41849620861114833 0.3710198215355476 0.43161145337203366 0.34400982283998643 0.05625529570193684 0.07034934659682507 0.08564835943552183 0.06999549995053059 0.04121195488833723 0.08129574690074558 0.0 0.14730615455848872 0.08956333163544467 0.0877662563579262 0.06932004667560163 0.05100024401320799 0.026726096227541164 0.0343450508364023 0.05983866986569925 0.32016419616013164 0.36347858128703553 0.3527124787620571 0.33595719998333334 0.4032282096922482 0.3373006325472902 0.36455785778217065 0.382651788492805 0.3737513566791495 0.3623606510971214 0.37085850779479757 0.31491208297025003 0.3030060239249443 0.24997540358110235 0.31106044102617586 0.27396659078101215 0.5928458853765283 0.6385835970893698 0.4142291380197034 0.1692004726309409 0.2555233874004392 0.6079153438385508 0.39761471967343553 0.42775304122135843 0.16800943752293915 0.8586680037589982 0.23627684101099075 0.698762877334608 0.23745262305386958 0.5060829347193747
23 0.4712028769768296 0.427741442356841 0.4597847255011929 0.4970804174654017 0.5596634872295085 0.4970677998568261 0.44245382796425475 0.4193095340771159 0.43674664931791535 0.47901727844772446 0.4029725723536417 0.4732910325688931 0.44617756477458037 0.4982184223424941 0.40547786273790104 0.12640856427221478 0.10784217194350706 0.07820066863552642 0.13760361394517628 0.16751058066758354 0.073952297518052 0.14730615455848872 0.0 0.11163022605350618 0.0657474071740937 0.08135616432306741 0.09876822134425263 0.15070126212002508 0.11472054026126512 0.1058919409676116 0.25958817625603475 0.2962976663960667 0.3075109217873151 0.24644940585685576 0.32951754810931955 0.2424049493727899 0.2949262040275301 0.31585915228105843 0.3036102680833289 0.2908612008564558 0.2737305094188755 0.2606428221134953 0.22403279009204363 0.16346500449863766 0.239364992887074 0.1304025340871998 0.550420937424144 0.6177819644677414 0.31336211008491244 0.03325607320896908 0.21222473332725442 0.4986276191899096 0.2702104235180615 0.3032079362239427 0.10873707536399675 0.7430471246795117 0.1632811481321348 0.7021781636439732 0.1664685939619609 0.35926606646390763
24 0.3669956912816427 0.3197048608706696 0.3568001265681791 0.39153655161062734 0.45426196548923065 0.3942281195842029 0.3370572247138603 0.31400314895583703 0.3428556357259534 0.3716038101175029 0.2959472949553749 0.3723639735507867 0.33858464121362486 0.39349122472392234 0.30135221383216254 0.11868981903581913 0.11647668114464155 0.10533995413341198 0.13666656567855034 0.08011460983083922 0.09415000367358692 0.08956333163544467 0.11163022605350618 0.0 0.0929792196406451 0.08401237126170205 0.05572114960113826 0.07235726469956615 0.08144208522737724 0.10437921418193848 0.2308757539637558 0.2740557657006621 0.26539139622634345 0.24740526871852075 0.3136927020521224 0.24946661168287093 0.27505517708660787 0.2933097906407752 0.28425337288372277 0.2728155654145372 0.28296040375850945 0.22604770976315677 0.21380506861752827 0.1627048168183193 0.22151685677198235 0.21365427770092305 0.507953076423095 0.5595597454703 0.32651426741896183 0.11598001773745632 0.1669800406737483 0.5206173540402549 0.31859265145641436 0.34678227622861446 0.08102506635282496 0.7720763693237576 0.1475265829594209 0.628654943114301 0.14848128114164355 0.4579188693216937
25 0.4583223364961619 0.40868470197289536 0.44863277991737954 0.4821037057116533 0.5447364703870343 0.4860204387746289 0.42789844468769833 0.4049854956074921 0.4358117097294191 0.460906365641913 0.3859316178573745 0.4647394649604164 0.4278797903109279 0.4844958482292037 0.39293305255313465 0.0608619150061708 0.043607632781050565 0.016215176004670304 0.07346427524299473 0.11713875019568683 0.008217135646327199 0.0877662563579262 0.0657474071740937 0.0929792196406451 0.0 0.018488686972312717 0.0494485591449934 0.09864192559653129 0.05345865384796313 0.04016851052059661 0.29714117418757335 0.33748005418397 0.3397194205234669 0.2957463076705038 0.373925764468732 0.2937787310634765 0.33709105591816907 0.3572470922296399 0.3461473036537394 0.33371401349687096 0.3264940275776561 0.2955214792934114 0.2684192767887926 0.2089533309846712 0.28109480582333163 0.19614988326188876 0.5846320867222927 0.643613072670307 0.36801016877695775 0.09502437456292363 0.24045153379871725 0.5572691113747358 0.3332820259848534 0.3656422321501571 0.135989773569938 0.8040936179860215 0.20255203209999958 0.7182987368395475 0.20498373472492332 0.4199764744285944
26 0.44572674010846725 0.39492060612156477 0.4364404542019959 0.4690051407203946 0.5315283859265852 0.47375684429320625 0.41502358401851097 0.3922291313418294 0.4260262508727199 0.4472055284511604 0.3726562226944333 0.4530837929587322 0.41421975593792865 0.47165751729999084 0.3806061706492686 0.04897978534526056 0.03662754264777231 0.022526641835379727 0.06434806033042452 0.09920597254790892 0.013265653271373513 0.06932004667560163 0.08135616432306741 0.08401237126170205 0.018488686972312717 0.0 0.033847459654005436 0.08061862234135903 0.035068659176494286 0.028306486068725076 0.29890988222397447 0.34015812515027066 0.33951003025827586 0.3015133553606962 0.37751935291443245 0.3003320429916435 0.34010138496553316 0.359885166813744 0.3492329827385009 0.3369770565559596 0.3334088313942373 0.2964594203294082 0.2726704581470319 0.2142405409047552 0.28434994017525744 0.21130931358722813 0.5841653510924123 0.6404547472425257 0.3755268512762122 0.10828053799257721 0.23994915781663972 0.5662363016371521 0.3451621070499629 0.3770388084818584 0.13769704451189188 0.8142004992022768 0.2059599960080549 0.7122633834907315 0.20811696126484194 0.4378025308194843
27 0.41222184027398906 0.3611141525490213 0.4031033551995188 0.435331970364926 0.49781968113379227 0.44037815532713814 0.38142734615314466 0.35867895800190563 0.3941800269771839 0.41340468191430624 0.33895101035722947 0.4200011807622055 0.38042779769125257 0.43806245532560467 0.3472296995819222 0.06326904770483488 0.06129490855209389 0.05631884581172253 0.08120611541443723 0.06991751280217202 0.04670902055176908 0.05100024401320799 0.09876822134425263 0.05572114960113826 0.0494485591449934 0.033847459654005436 0.0 0.052265893650421336 0.02772083111998687 0.04888794641163795 0.2820018511275267 0.3244506992095473 0.31921308102630147 0.29154687524314743 0.36313872522769564 0.2918514778358394 0.324952397322924 0.34399016436433605 0.3341526522645261 0.3222776367613702 0.3253401461194857 0.27823176613555345 0.2602443275302422 0.20452176241211223 0.27006386986953596 0.2232729293264935 0.562716941911823 0.615270320442912 0.3683406810796961 0.11852766164194174 0.220010782813212 0.5612064041682404 0.3474586123439535 0.3780198739686213 0.1237512380686026 0.8111288908718375 0.19301143868376308 0.6836553033563265 0.19464605219765016 0.45799188762806853
28 0.3812411489453387 0.32634774698617836 0.3736316376813364 0.40239788064537974 0.4641413274940126 0.4103367182365877 0.3497227135395613 0.32763645505622113 0.3731924503638742 0.37847296089975097 0.30621650157724417 0.39225366653678384 0.345882567393169 0.4060262185682038 0.31789019197297314 0.08047624776209078 0.09141037603429926 0.10060162318728383 0.0955884589173326 0.018660498612978797 0.09374091735871905 0.026726096227541164 0.15070126212002508 0.07235726469956615 0.09864192559653129 0.08061862234135903 0.052265893650421336 0.0 0.0497147572711312 0.0794855237685128 0.29993059483132023 0.34350825689668524 0.3303252752104055 0.31958678399040596 0.38370422046554375 0.32180573615374214 0.3448934880658363 0.36242510892648705 0.35405030655119246 0.342970193624682 0.35528578761141005 0.29399410686214467 0.28557425668188374 0.23504340435093304 0.2924362651474345 0.2721508992745211 0.568916475018617 0.6130601572369588 0.39885282343811673 0.16808333987586643 0.2344382860215693 0.5929708735591909 0.38834465698519655 0.417431406013188 0.15321377237726158 0.8444228979886759 0.2197132238672592 0.6722367458661999 0.22054904747756562 0.5096160002402583
29 0.42670608342366095 0.37339266892369755 0.4183575083398467 0.44877463858023087 0.5108964121414509 0.4553925676106437 0.3954769385087263 0.3730433452205317 0.4132440882274573 0.425654360432862 0.3523596843807253 0.43613475229209026 0.3928665220376227 0.4520094386059765 0.3624491998102228 0.03802617340414485 0.04287096063237069 0.05193680518266084 0.05585101416202324 0.06819228667128031 0.04696715540464557 0.0343450508364023 0.11472054026126512 0.08144208522737724 0.05345865384796313 0.035068659176494286 0.02772083111998687 0.0497147572711312 0.0 0.030334204906863615 0.30960018078894735 0.3521198110989834 0.3462729978603412 0.3190559729267642 0.39085228219120505 0.31918200911357475 0.352647681734947 0.3716433526303828 0.3618490857376933 0.34998758892577375 0.35263518879477146 0.30568805071754346 0.28792423846391163 0.23192884736223865 0.2977841913054143 0.24328159463273222 0.589333618450819 0.6403718913807395 0.3955264997788051 0.13891797381960433 0.24726076244162734 0.5880800205894826 0.3721481773763952 0.4031947393761221 0.15141634668382753 0.8376266232528969 0.22068795580726341 0.7063909696185093 0.22234503346490245 0.47257498710833523
30 0.4567326561050467 0.40367259521994503 0.4482324983891948 0.47895740964945094 0.541126964925128 0.48532642120418984 0.4255668507715133 0.40307654320641595 0.44183473745417723 0.455942710665294 0.38252679287784336 0.4658029937798398 0.4231377434998471 0.4821263910685848 0.39231425161944616 0.020971619207342664 0.01282618276519886 0.030049730420251837 0.0361709824662631 0.09764875906229951 0.03195239521884412 0.05983866986569925 0.1058919409676116 0.10437921418193848 0.04016851052059661 0.028306486068725076 0.04888794641163795 0.0794855237685128 0.030334204906863615 0.0 0.32573724080430144 0.3673429886898264 0.36520350236317184 0.32963481651838666 0.40502950062483783 0.3285660729093732 0.3674196822279751 0.38703730993169283 0.37657354807822885 0.3643937565417838 0.36167300472285635 0.32287663795643473 0.3004602694679293 0.2423211298332882 0.31180947241833495 0.2362847324751331 0.609468660056143 0.6636394580754021 0.40382521539247135 0.13484939775468366 0.26566937326136797 0.5945026428658652 0.3726387340092651 0.40472449517368125 0.1649052880769267 0.8423044044674717 0.2335731374678666 0.732532754188335 0.2356358571368529 0.4571460442545025
31 0.3382019261417357 0.32885798431148694 0.3223666541701847 0.36750319527615194 0.42062076803629195 0.3524158867062458 0.3220546468431798 0.3036385874252724 0.26570156756707897 0.36507797011342186 0.3026152015113056 0.32336635566373556 0.33983825417943764 0.3635900520748625 0.2865009825278164 0.34396277351682747 0.33551723792598526 0.3132823583629517 0.36136507708862553 0.30142677069790147 0.30285991732060613 0.32016419616013164 0.25958817625603475 0.2308757539637558 0.29714117418757335 0.29890988222397447 0.2820018511275267 0.29993059483132023 0.30960018078894735 0.32573724080430144 0.0 0.04374201964100672 0.05377506635863279 0.06591798092052645 0.08459129419560737 0.0790683276783501 0.045936684697027795 0.06251185536701478 0.05480469892881201 0.04537789140877654 0.09535354613098253 0.013535511512398256 0.047426798814321804 0.09924941119354792 0.02809415514652581 0.2271442989243344 0.29085899388181824 0.3633203154939522 0.12996647497517763 0.23026498576817156 0.06655180902174952 0.3121019572156975 0.19297954490863573 0.2004309615385607 0.16135122837529361 0.5624865917234617 0.09639978618765659 0.46117797711209657 0.09338315268912553 0.42617862685812563
32 0.3570495074553537 0.35457642954452 0.3409167934138327 0.3859909936035052 0.4354832880400054 0.3681680714022828 0.3441267312326454 0.32744121351967015 0.27881241698423587 0.3867398202564175 0.3292140449437039 0.3390389360433551 0.3638188044466105 0.3811510958025898 0.3105157163605829 0.38593377641614013 0.3767838508305476 0.3536797663171452 0.40317388722479575 0.34515050157406263 0.3434966264303585 0.36347858128703553 0.2962976663960667 0.2740557657006621 0.33748005418397 0.34015812515027066 0.3244506992095473 0.34350825689668524 0.3521198110989834 0.3673429886898264 0.04374201964100672 0.0 0.053102059437480476 0.06780352854504375 0.04103832453782826 0.0804031071647989 0.006164188637171265 0.01976853399204463 0.011723222193912511 0.011350256905846057 0.07986775331197961 0.05227622546690808 0.07316655305982751 0.1330463812231412 0.056968064520171 0.24841065693180872 0.2570690050925911 0.3371281767569618 0.10216312115977487 0.26562309228172587 0.11023820399589378 0.27249867972485653 0.18491577769662593 0.18484490510402396 0.20247981348824892 0.5214082123260079 0.13505499736680943 0.44280090661937993 0.13251175695181883 0.4263972016214397
33 0.30422241742209566 0.30375871070056587 0.28806535363749036 0.3330897795982035 0.3823865233491706 0.3150748434612776 0.29200570202121673 0.27593124696670146 0.22573489184271545 0.3344266802493042 0.2789245466088188 0.2859492728198404 0.3122638494446253 0.3281554439335874 0.25914902342447615 0.38223998322538766 0.3757860401045623 0.35562113327105005 0.400009144119444 0.32914029703944003 0.3447957819050135 0.3527124787620571 0.3075109217873151 0.26539139622634345 0.3397194205234669 0.33951003025827586 0.31921308102630147 0.3303252752104055 0.3462729978603412 0.36520350236317184 0.05377506635863279 0.053102059437480476 0.0 0.11193720268308208 0.08215474699251826 0.12543626150109652 0.05923367969433337 0.05709996845200334 0.0619581804834987 0.06374446488651224 0.13160516735747943 0.047874321965325754 0.1009385645547539 0.15127288000862446 0.08145111305105963 0.28091706222827584 0.24491523092636028 0.31158695853961527 0.15499090379011027 0.2796333622193434 0.09956943285342082 0.31521868026064265 0.23567999923535274 0.23747227400785914 0.2041859990047185 0.5597627675515173 0.14498203906194623 0.4074551082006269 0.1415442693110149 0.4744825518915049
34 0.4038676071018602 0.39257768935501064 0.38808645370293515 0.4331905345070322 0.4865377326077881 0.4183239622108915 0.38709722106079575 0.3682027714118689 0.33150641562406774 0.4301465862900696 0.3660225807611995 0.3892805278837375 0.404234600591019 0.4293848956031185 0.35104867935242556 0.3495276814788036 0.33758513377212734 0.31184221585745037 0.36580034128912187 0.32475823566365875 0.3026170154230982 0.33595719998333334 0.24644940585685576 0.24740526871852075 0.2957463076705038 0.3015133553606962 0.29154687524314743 0.31958678399040596 0.3190559729267642 0.32963481651838666 0.06591798092052645 0.06780352854504375 0.11193720268308208 0.0 0.08720428570753887 0.013525574381909843 0.0630990480202813 0.0826451142512316 0.06874666312122447 0.05747184613266842 0.037578666168648765 0.07903037370011648 0.03709045993633715 0.08735444140517924 0.04371265166632902 0.18269750763788417 0.3193276989330552 0.4036023817929782 0.08058982894019899 0.2139893862789942 0.10881917093432462 0.27431191187965503 0.12706337924915115 0.1360274591145663 0.1681725413506372 0.5263889883180413 0.09988255500288719 0.5105973792651044 0.09908943703310931 0.3625982533941594
