param k:= 3;
param m:= 60;
param d: 1 2 3 4 5 6 7 8 9 10 11 12 13 14 15 16 17 18 19 20 21 22 23 24 25 26 27 28 29 30 31 32 33 34 35 36 37 38 39 40 41 42 43 44 45 46 47 48 49 50 51 52 53 54 55 56 57 58 59 60 :=
1 0.0 0.08825832556404963 0.09904300589649928 0.055095700787068214 0.12142716909129922 0.10099766422735408 0.020915017100350417 0.08124219090587123 0.07239768423192595 0.07162306906039546 0.05212733276889566 0.06789664827423678 0.12342890813861125 0.057290027073313564 0.031450737343019945 0.512782066617263 0.4713599879266251 0.46480191241966407 0.6174690422176241 0.48797981435505505 0.49202076366064756 0.45261477049817267 0.5252707769116534 0.4589416880476278 0.48862335716455235 0.4529100975813857 0.3879198532196835 0.4552689156916404 0.537215304614001 0.5172494513393285 0.35195680917447747 0.4578109444225336 0.4048527667298031 0.3432942017175568 0.3200346148728406 0.32161876891842195 0.40761024324837875 0.5114249266967256 0.48240572174494056 0.3105452714814521 0.3666305649804462 0.3943381477588312 0.3271827599801601 0.3659177248002586 0.4423515217836412 0.5244431236368039 0.53055521554248 0.23718040108739902 0.5589428306525406 0.8078471919523645 0.4500228655285395 0.24982243681800537 0.6924011821986197 0.3686317565393168 0.01940768177557144 0.744798443485248 0.2997091291518877 0.23484627781478268 0.6625265729860287 0.5492850436478344
2 0.08825832556404963 0.0 0.012815122089965152 0.11368900980658778 0.07878156578561105 0.08757812328080271 0.08563039314073985 0.1107849497145191 0.01654768974222968 0.13075746555961026 0.06416597733259538 0.0541340039973441 0.07360395359766768 0.03819986959330942 0.10769997416459066 0.4340301798800583 0.3941391109066635 0.3864087354405328 0.545297109314361 0.42205871809619094 0.4270251282613853 0.379077420576757 0.44627245507816143 0.40353574628666755 0.4227217922341398 0.3800306938677796 0.31691156710756296 0.3978017295801068 0.46473927821562566 0.44662053715881167 0.33392727070752903 0.4287866998184639 0.3970909892375144 0.3295713787214008 0.3177267541691173 0.30864468703503334 0.4071351707207202 0.5167869927247364 0.46980725812279867 0.30255184956720294 0.37765226949531017 0.3913817987848209 0.31691841635136625 0.34495129506577626 0.43105842249480036 0.5321998681738187 0.5028378701180511 0.20565317168176261 0.4746002026424033 0.8121790092625697 0.4109908292286274 0.1673010642562543 0.6155682350662989 0.2960288052812346 0.06934389295610222 0.8190947634192154 0.2916722157220059 0.2912009546772366 0.6268242297274708 0.5021966146015024
3 0.09904300589649928 0.012815122089965152 0.0 0.12002878269579326 0.07161461898729327 0.09832387738647397 0.09459709094210215 0.12336458024941716 0.02667564307451005 0.13647147168732096 0.0769797955143573 0.056679291188883624 0.06538133714039834 0.04553451262033569 0.11980096928104819 0.4286154073212496 0.38927066096105356 0.38118937608367914 0.5416041599212712 0.42011066591798985 0.4252790604078305 0.37530991045171386 0.4407610396475551 0.40389948516204766 0.42077670129161127 0.3764409611959978 0.3140168224448304 0.39776600615685054 0.46108386050543476 0.4434755162380309 0.3405961722481793 0.43357817424042244 0.4047841681881113 0.33680590317050146 0.32633424188294435 0.31607434198961615 0.4156203618883326 0.5256526506863295 0.47671647980086074 0.3106021063892585 0.38738060876897423 0.39964137818449763 0.3246314696315499 0.3511824148902553 0.438228012345107 0.5412866935764167 0.5076312031197912 0.21140589791714273 0.46709362120241876 0.8206110074820572 0.4142842993760014 0.16137227821375194 0.6105336309846524 0.2927828843791463 0.07982572870892014 0.8318804423634015 0.29977648228749443 0.3038849830533211 0.6301887700246335 0.5038746244855744
4 0.055095700787068214 0.11368900980658778 0.12002878269579326 0.0 0.1073181000148539 0.15325775700223654 0.03755397350429699 0.13625854579359428 0.09765786755409188 0.018141407874603742 0.10319812364124921 0.06666240455339055 0.11323231777731742 0.07549113313368692 0.08098765189991128 0.5477020450123463 0.5076452069179939 0.5000454851339298 0.6576982014080677 0.5316912838168695 0.5362046815109733 0.4917225967630381 0.5599553769286746 0.5070316900784034 0.5323461314153425 0.4924710253124739 0.4285501576365364 0.5026006541094096 0.5771611763187671 0.5583662519052635 0.4067499046901306 0.5118242023035176 0.4599384969288196 0.3982830579914972 0.3750643787061516 0.37660754844095745 0.46244478645789694 0.5656017342423908 0.5374944084245253 0.36563500827237666 0.42052736749507613 0.44930905384236075 0.3822506408624745 0.42053554761962486 0.49744457547607784 0.57831341381193 0.5848267859169668 0.2898733982993878 0.5870020917543428 0.8617847207065263 0.5024547838296768 0.28091824001051396 0.7291077036025773 0.408204195533679 0.05873962438506156 0.7671291268725628 0.3547938717998089 0.2769702244139021 0.7159028347119692 0.6001226302403858
5 0.12142716909129922 0.07878156578561105 0.07161461898729327 0.1073181000148539 0.0 0.1645794586628826 0.10512843520392987 0.17823826707657783 0.07709622267963993 0.11669460425773737 0.1291003195388881 0.05368556540079231 0.009385975424392725 0.07178222240824923 0.1514987163586234 0.47419491949822823 0.43762192741475797 0.4281167712555393 0.593630039435329 0.47875867048760024 0.48450685597838394 0.4281547436380133 0.4857894953744649 0.4686813366023635 0.4794300107263205 0.4299279706063192 0.37051206801202274 0.4616621895246508 0.5136928718433931 0.4980547079578646 0.41215752572646486 0.5047200672252552 0.4758398995205196 0.40815621457642093 0.3963983272385027 0.3873096422358844 0.4858364103015896 0.5952762263718394 0.5482199425806273 0.3813334131072905 0.4552786875669354 0.47014227350977805 0.39566607152532973 0.4227968066563708 0.509620956485333 0.6105109192552011 0.5787486164030284 0.2829992257344811 0.5014976220661952 0.8908721822769049 0.4840552261035207 0.2104536478915646 0.6566539450215074 0.34837078216653306 0.10486271989666957 0.8656682007969797 0.3704529539779225 0.35242022325507577 0.6998719052234116 0.5710667781137555
6 0.10099766422735408 0.08757812328080271 0.09832387738647397 0.15325775700223654 0.1645794586628826 0.0 0.11570549152410572 0.046518117614246866 0.0877199369445468 0.170974581952282 0.05006929361580777 0.12406962237839536 0.1604576438863835 0.10022983244415384 0.09271640537965618 0.42841915916454165 0.38550244197355116 0.38058618538679045 0.5251265331554817 0.39220683981270577 0.3957111743260369 0.3629394058662166 0.4411098072348861 0.35918484470947 0.39283453615065494 0.36260481906954206 0.2969287464052216 0.35609033706310533 0.44567933992011116 0.42436990599866103 0.25668515120397184 0.35912812613420986 0.31533234140239297 0.25001568504361943 0.23342672979056012 0.2285319092572979 0.3228432702205108 0.4313216067425987 0.3905467186177092 0.22016392901429707 0.29069954370007917 0.30780201164349424 0.23563009470613117 0.2695096544502549 0.3510104003393034 0.4462403566780451 0.43249420424584706 0.13662583361289216 0.4844909627198368 0.7274943591032883 0.349336565452326 0.18094853241895198 0.6041545177281019 0.2794907229181163 0.09480235796032259 0.753209627430392 0.20918881628446187 0.216708693719859 0.5626787245760424 0.44830119713076483
7 0.020915017100350417 0.08563039314073985 0.09459709094210215 0.03755397350429699 0.10512843520392987 0.11570549152410572 0.0 0.10088230517841383 0.06908760571399229 0.055351104650830325 0.06565180820771484 0.05305302960454143 0.10821637704374606 0.04945244289119819 0.05184492815151861 0.5170019812197016 0.4762283739348753 0.4691402633130918 0.6244855977047746 0.4968816163691194 0.5012021101185352 0.4589319947073755 0.5293843322651753 0.4705590046772841 0.49753209998089687 0.4594696558108941 0.39500104426286536 0.46638308380996907 0.5440395171909446 0.524698303193895 0.3696823579100123 0.474351686500458 0.4238515499842806 0.36149994879832337 0.3393234659464712 0.33983100185217924 0.42725797735695237 0.5316119322730685 0.5010577453577104 0.3292537163274812 0.386985999977944 0.4137553086072452 0.3457140066528941 0.3833196074068343 0.46107089949655267 0.544779885394949 0.5474217569070319 0.25232508914548973 0.5599623288661698 0.8281276091247347 0.46493985379393127 0.25171257153713694 0.6976180671216211 0.37511336398216694 0.021563690537659646 0.7605839660781266 0.3183701081493538 0.25484052105769267 0.6783509594796989 0.5628891314589671
8 0.08124219090587123 0.1107849497145191 0.12336458024941716 0.13625854579359428 0.17823826707657783 0.046518117614246866 0.10088230517841383 0.0 0.10389940251969959 0.15218821491611315 0.04920874375656449 0.12888962691698994 0.17642729340066945 0.10694035309263106 0.06016068280050366 0.47345557567974517 0.43028155481520425 0.4257515451151323 0.567261622502397 0.43257781180125815 0.4356406446363858 0.4066301293760716 0.4861670416677247 0.3949884102699336 0.4331910816562148 0.40606012505820666 0.34037406159587436 0.39294548441461474 0.4883759407385428 0.4664674154383162 0.2724588652366573 0.3803855211303034 0.3237337918254548 0.263041927327672 0.2388073460118133 0.24139236362561364 0.32642752522020263 0.43091079769458396 0.4015275432301845 0.22970458717629882 0.2866292439240285 0.3130962362033095 0.24652249228627623 0.2869796358855786 0.36142687535095946 0.4443155595303533 0.4523194627693222 0.1653224358381065 0.530794922324067 0.727522754477446 0.37652694852173546 0.22728649450520821 0.6478493184200509 0.3236934237575786 0.08449778536931092 0.7129725552138214 0.21892992509178644 0.18070090893321167 0.5862630464473089 0.47887606302465835
9 0.07239768423192595 0.01654768974222968 0.02667564307451005 0.09765786755409188 0.07709622267963993 0.0877199369445468 0.06908760571399229 0.10389940251969959 0.0 0.11495674305572631 0.05519973867456108 0.04173682550393382 0.07373938649496328 0.022366310255047928 0.09365737687206613 0.45007692167314656 0.40999471857684083 0.40239676928067647 0.5605920243762891 0.43638935119356964 0.4412222476200544 0.39445460857862946 0.46234965858303534 0.4161882604416731 0.4370502116830629 0.39531959140183603 0.33186675466763643 0.41077977079071826 0.4800335812696776 0.4616521928969532 0.33978612934147817 0.43696801061121804 0.4013270332570856 0.33461559283866116 0.3205885988063282 0.3134365615051621 0.41006336898894924 0.5189422645424645 0.4751457056795012 0.30638100256364004 0.3783259358409971 0.3947109063050446 0.3212549559721158 0.35139857710745825 0.4360531360627992 0.5339434434015369 0.5109529425152372 0.21311135741133103 0.4911149978323235 0.8149407174641967 0.4208863295233303 0.1835896271869893 0.6314536221456025 0.3111864625401911 0.053251677772143007 0.807671334996042 0.29543880681886975 0.2828355959417307 0.6365021884983186 0.5136326421362579
10 0.07162306906039546 0.13075746555961026 0.13647147168732096 0.018141407874603742 0.11669460425773737 0.170974581952282 0.055351104650830325 0.15218821491611315 0.11495674305572631 0.0 0.12096254724667173 0.08156112494545303 0.12352047487321487 0.09265062519541674 0.09499961659216076 0.5647396518488751 0.5248869852400582 0.5171538175443682 0.6753556154866924 0.5496760042168718 0.554219061080721 0.5093077453328563 0.5769537084712952 0.5251727948954484 0.5503315062117765 0.5101041934909633 0.4463144713754748 0.5207385352313681 0.5948075978159383 0.5761347226576373 0.4235786597782032 0.5291780380398169 0.4758848836648365 0.4148369967547179 0.3907919223725941 0.39316350784319276 0.4777235521438983 0.5800148697888137 0.5537026023895725 0.3818586566478009 0.43474528892755215 0.4648574572280747 0.39859462761763675 0.4375260295779602 0.5136102731540696 0.5924223368628456 0.6020540424856056 0.30759838879706675 0.6029253032920613 0.8758832253102302 0.5202690540386408 0.297716950863287 0.7463241201572456 0.42587661956794315 0.07672142202396143 0.7666523296673283 0.3710578237140813 0.2853078800362385 0.7335038785262121 0.6181559436834926
11 0.05212733276889566 0.06416597733259538 0.0769797955143573 0.10319812364124921 0.1291003195388881 0.05006929361580777 0.06565180820771484 0.04920874375656449 0.05519973867456108 0.12096254724667173 0.0 0.08103107295911216 0.12721989988503668 0.058240538187057246 0.05320749878238243 0.4646752948360248 0.42267386746444346 0.41666064425713956 0.5668687996340033 0.4364082206984547 0.44033396666435953 0.4026729280190283 0.47725395655185965 0.4068183000101702 0.4370485070114512 0.40277785995590276 0.3374907284249889 0.4031506883530117 0.48680147151096387 0.46643248924788905 0.3055305341499055 0.40903437746031335 0.362068064910986 0.2981103172525218 0.2786701284796379 0.2765025812230573 0.367599368720642 0.47432540462904577 0.4383130872447366 0.26699602741440204 0.3313624658920052 0.3532750154638943 0.28300140740680235 0.3187549418667319 0.3985301536469177 0.4884481406063611 0.48228330358190297 0.18667527541593912 0.5145966848545597 0.7709827951333564 0.39930669284856574 0.20589542841251893 0.6431468175775321 0.3187006145845336 0.04478656730157867 0.7551739448953975 0.25603860249584287 0.227735193787278 0.6127467189912083 0.4976838094148642
12 0.06789664827423678 0.0541340039973441 0.056679291188883624 0.06666240455339055 0.05368556540079231 0.12406962237839536 0.05305302960454143 0.12888962691698994 0.04173682550393382 0.08156112494545303 0.08103107295911216 0.0 0.05560018916947883 0.023840126813942056 0.09781829409088086 0.48498944735179317 0.4458541065902382 0.4376603124167808 0.5982584011246346 0.476029093251695 0.4810528212459315 0.43196684282526543 0.4970836449978727 0.45744281235066236 0.4766931540886244 0.4330711716732522 0.37043541698047766 0.4518315794323877 0.5177299186872183 0.5000008435109171 0.37940185940332616 0.47801825769424655 0.43936820208680605 0.37355043708033103 0.3573274823136713 0.3521869280071005 0.446650706692794 0.5543830041870027 0.5141562974486881 0.3442140824680488 0.41206539567656186 0.43179103535213226 0.3595563723804875 0.39144616817575173 0.47478854500547957 0.5688172118352615 0.5519426973017398 0.2539961775070293 0.521473002047123 0.8508841589959298 0.46253819164331883 0.21767620147785433 0.6670392343888536 0.34932037392813015 0.05123645956929182 0.8125888015684348 0.33324069643996757 0.29942957467048703 0.6780857934877713 0.5553193682898558
13 0.12342890813861125 0.07360395359766768 0.06538133714039834 0.11323231777731742 0.009385975424392725 0.1604576438863835 0.10821637704374606 0.17642729340066945 0.07373938649496328 0.12352047487321487 0.12721989988503668 0.05560018916947883 0.0 0.0711750639148728 0.15280837831951913 0.464812378111196 0.4282394269466035 0.4187308444258131 0.584273926408957 0.4696192486427691 0.47539581481754206 0.41882875039779427 0.4764103294061045 0.46000593284602365 0.4702907047316322 0.42061587025871944 0.3613075190349776 0.4528972364466205 0.5043520777671793 0.4887597683294554 0.40587825133119526 0.4975040471266706 0.47013485411754424 0.40218550234681716 0.39127334368146477 0.3814521426658777 0.4806498718329074 0.5903874946778701 0.5420450717558353 0.3758444350000992 0.4510307927339887 0.46479979602166127 0.38997335310779435 0.41628921306337086 0.5036004242623336 0.605797216763782 0.5715046571669337 0.276360262140455 0.4923248022638649 0.885687352805734 0.4762545056159744 0.20112834555768816 0.6472735423767974 0.33914039756098585 0.10609716360046796 0.8681845286437537 0.3649958526013092 0.3522837323724951 0.6920074044333177 0.5626866148201733
14 0.057290027073313564 0.03819986959330942 0.04553451262033569 0.07549113313368692 0.07178222240824923 0.10022983244415384 0.04945244289119819 0.10694035309263106 0.022366310255047928 0.09265062519541674 0.058240538187057246 0.023840126813942056 0.0711750639148728 0.0 0.08352080468587866 0.47221645075558966 0.43224693605140346 0.4245767406794679 0.5829582815003984 0.45858728027923135 0.4633753131345764 0.4168176351414072 0.48446534623199394 0.43761003822066885 0.45924738560482414 0.4176857579555915 0.3542133754190814 0.43238543237747273 0.5023997896928148 0.48400493301856073 0.3557638586813269 0.4549886566159324 0.4155356660040808 0.34979322023850595 0.33350520575472764 0.32841052285213784 0.42284267079684223 0.530687100530914 0.49039577426616726 0.3203785526508867 0.3885915220608782 0.4079592113767568 0.3357406082790444 0.36792407509334496 0.4509993429006546 0.5451955151470863 0.5288541037478548 0.23093017344225825 0.5123521707709161 0.8271478276237761 0.44037481482651886 0.2054787794108751 0.6536941079920378 0.3335507745691561 0.03807913371308034 0.7999311107964263 0.3094048114398932 0.28110888339027246 0.6557042985267614 0.5342374589878953
15 0.031450737343019945 0.10769997416459066 0.11980096928104819 0.08098765189991128 0.1514987163586234 0.09271640537965618 0.05184492815151861 0.06016068280050366 0.09365737687206613 0.09499961659216076 0.05320749878238243 0.09781829409088086 0.15280837831951913 0.08352080468587866 0.0 0.5170259081006652 0.4747487377373036 0.4690260677982447 0.6170763591408481 0.4848408787566763 0.4883994123757801 0.453811629831889 0.5296392311504293 0.4512072037665768 0.4854706822537821 0.4537208425169809 0.3881916798127764 0.44844198042459055 0.5373252307812288 0.5164109545963642 0.3323779098291638 0.4405459402246385 0.38199994116100344 0.32260210058911803 0.2966207475563375 0.30099375449400456 0.3829820061282312 0.48503357369347205 0.46028933628283447 0.2887169203926344 0.3398077808321084 0.37038467587926815 0.30574303965220023 0.3470345135743252 0.4201368023577102 0.4975370839722667 0.5124392034390929 0.22405813162801436 0.5677871669065894 0.7810116016982562 0.4361143307809483 0.2590870823854215 0.6947070799421282 0.3699713794085396 0.046716314983489285 0.7164192899950292 0.27804825927501003 0.2034046381647976 0.6463808493171097 0.5376541317218201
16 0.512782066617263 0.4340301798800583 0.4286154073212496 0.5477020450123463 0.47419491949822823 0.42841915916454165 0.5170019812197016 0.47345557567974517 0.45007692167314656 0.5647396518488751 0.4646752948360248 0.48498944735179317 0.464812378111196 0.47221645075558966 0.5170259081006652 0.0 0.04399870619607032 0.04801524860006715 0.1319891859022441 0.12090441510312841 0.12805354127074078 0.0775667437901382 0.012728466382249842 0.19411628580433413 0.12104307323149904 0.08121867587756645 0.13897399536348493 0.1812672068787896 0.07282349075819287 0.08350768727687713 0.37227117068289317 0.34357991060147464 0.4287361422012564 0.3880595752125855 0.4266725244015122 0.388109796203995 0.462079266788789 0.5430280730935569 0.4374711738402351 0.4046311314131829 0.49347602828702947 0.4460336456806827 0.39877510137217514 0.3620436751874474 0.4265177379022013 0.5629729777332577 0.3792550590352371 0.3434709695799124 0.09401811690866481 0.7534414315693584 0.2884008063569734 0.26731368296041386 0.18250614804201903 0.15120097630997972 0.4972050388837868 1.1006126416725055 0.40317868217675656 0.5905090498501561 0.4087124721057047 0.2705121466888961
17 0.4713599879266251 0.3941391109066635 0.38927066096105356 0.5076452069179939 0.43762192741475797 0.38550244197355116 0.4762283739348753 0.43028155481520425 0.40999471857684083 0.5248869852400582 0.42267386746444346 0.4458541065902382 0.4282394269466035 0.43224693605140346 0.4747487377373036 0.04399870619607032 0.0 0.01399646647293234 0.1582634251187017 0.10045368592966522 0.10869923533428064 0.03796077774830973 0.05664074033424648 0.16548175569892776 0.10081248024359098 0.042864564931081955 0.09509775955523067 0.15189200517762694 0.08305787350828259 0.07963917511618963 0.33272900644089054 0.3122928601667074 0.3917226110012863 0.3480359635887089 0.3855103750614694 0.34707794665282016 0.4246439537748878 0.5095880030620125 0.40558963762007566 0.36315041528785547 0.4535741222884553 0.40814584372453044 0.35798035313613624 0.3233287494317055 0.3919806149333797 0.5296437002481441 0.35409639447966185 0.29959320176421844 0.1284514861333216 0.7309594059391513 0.2574475558826772 0.2286029767922023 0.22146929888768035 0.10735739161830878 0.4561577572114123 1.0585189419651104 0.3612984880988372 0.5466488100006045 0.3975997161696987 0.2543298515136594
18 0.46480191241966407 0.3864087354405328 0.38118937608367914 0.5000454851339298 0.4281167712555393 0.38058618538679045 0.4691402633130918 0.4257515451151323 0.40239676928067647 0.5171538175443682 0.41666064425713956 0.4376603124167808 0.4187308444258131 0.4245767406794679 0.4690260677982447 0.04801524860006715 0.01399646647293234 0.0 0.1698850504033683 0.11327945641447038 0.12160405956574888 0.046510334182363826 0.06061445632091358 0.17595400881670484 0.11366736398048333 0.05190775861041531 0.095410445029654 0.16223965751037778 0.0962716739349873 0.09362316346869773 0.3376633519373957 0.32134808915404717 0.39812675584184426 0.3525894182250841 0.38906423090322134 0.3508041752275914 0.4307718451851492 0.5175467178545778 0.4142703035139524 0.3664340820419355 0.458083788843406 0.41403344642156154 0.36189700973542954 0.3288419605474477 0.3995998294371818 0.5376313293951827 0.36491227341707827 0.2990515005894478 0.12347068003006571 0.742132411569935 0.26676204577413 0.2200626210300412 0.22939561833221905 0.1048982542101679 0.4492832925449344 1.0608367304402322 0.3641774571951443 0.5460023295636857 0.4108050033928358 0.26706632185466533
19 0.6174690422176241 0.545297109314361 0.5416041599212712 0.6576982014080677 0.593630039435329 0.5251265331554817 0.6244855977047746 0.567261622502397 0.5605920243762891 0.6753556154866924 0.5668687996340033 0.5982584011246346 0.584273926408957 0.5829582815003984 0.6170763591408481 0.1319891859022441 0.1582634251187017 0.1698850504033683 0.0 0.13941136505174712 0.13914026528783432 0.1662950067656982 0.12475897884418911 0.20469870883435196 0.13890743556793927 0.16527386590067417 0.22956835539128895 0.19803466835075775 0.08055969094760886 0.1008000222319411 0.4053613718390027 0.33989745234768354 0.4446850718934188 0.42312809953321034 0.4674245719626822 0.429822532289182 0.47856486698773376 0.5368731223773451 0.4294035234456982 0.44876532524800566 0.5229293703872446 0.46569544395549184 0.43828639843481965 0.39108279017164266 0.430656480941579 0.5556236022508764 0.3494494732977266 0.4174181897498019 0.18294297070235788 0.7001652652556197 0.28945000617874156 0.38334375901165085 0.09474698179602399 0.24949577000109072 0.6036972459103149 1.137053730022303 0.4505016506298957 0.6571943562823817 0.33293451279119346 0.22352968878126114
20 0.48797981435505505 0.42205871809619094 0.42011066591798985 0.5316912838168695 0.47875867048760024 0.39220683981270577 0.4968816163691194 0.43257781180125815 0.43638935119356964 0.5496760042168718 0.4364082206984547 0.476029093251695 0.4696192486427691 0.45858728027923135 0.4848408787566763 0.12090441510312841 0.10045368592966522 0.11327945641447038 0.13941136505174712 0.0 0.008438496114712594 0.07278032902019138 0.12771250895669045 0.0765198615266531 0.0006718922692142245 0.067666580185862 0.1091366277260014 0.06554046879301459 0.07337797824950186 0.04771413232667164 0.27166875463764817 0.2258131075947885 0.31932533520387396 0.28894208341211514 0.3318407511552537 0.2936301018206482 0.353272703043702 0.42645838820358006 0.31965164048674755 0.31209671137152645 0.3918443734462745 0.33861239366312273 0.30281304763736866 0.25876584809240394 0.3122263596081394 0.4461936249845627 0.2583522713581292 0.2787373308545888 0.2145950379643661 0.63313576893006 0.17094645225574384 0.27082846213635176 0.23033125901211507 0.1318284810596497 0.47561847508542726 1.0053268399661486 0.31309138856387553 0.5178632513615565 0.29775584891303974 0.1538761669909076
21 0.49202076366064756 0.4270251282613853 0.4252790604078305 0.5362046815109733 0.48450685597838394 0.3957111743260369 0.5012021101185352 0.4356406446363858 0.4412222476200544 0.554219061080721 0.44033396666435953 0.4810528212459315 0.47539581481754206 0.4633753131345764 0.4883994123757801 0.12805354127074078 0.10869923533428064 0.12160405956574888 0.13914026528783432 0.008438496114712594 0.0 0.08119336944354685 0.13445403137484785 0.07197429262132199 0.00797850280677965 0.0760568075508083 0.11563825183652236 0.061960994626498005 0.0770415282858133 0.05198970099768584 0.26937274311374726 0.2204066630764776 0.3155313605830143 0.2867943589001487 0.33012524271377913 0.29208052754161723 0.34951987079257524 0.42114724171794404 0.3141070201622605 0.3107270175001957 0.3891021144488577 0.33511055760208036 0.30104123688021106 0.2561222703445144 0.3075271950928202 0.44082166381242427 0.2513585506420151 0.2804354497761444 0.22148355455426547 0.6256229026558318 0.16577074815306264 0.2771318788983466 0.23121311359254137 0.13838015209976776 0.47988795192479317 1.0029207024212412 0.3120138577097029 0.5181358816372734 0.28935696152243096 0.14565817343763482
22 0.45261477049817267 0.379077420576757 0.37530991045171386 0.4917225967630381 0.4281547436380133 0.3629394058662166 0.4589319947073755 0.4066301293760716 0.39445460857862946 0.5093077453328563 0.4026729280190283 0.43196684282526543 0.41882875039779427 0.4168176351414072 0.453811629831889 0.0775667437901382 0.03796077774830973 0.046510334182363826 0.1662950067656982 0.07278032902019138 0.08119336944354685 0.0 0.0892618932887274 0.1296964794882517 0.07329325242452145 0.005568408840916215 0.06636030006512668 0.11593207224598479 0.08581214279073464 0.07093961324226052 0.2954404724789254 0.2749433251279333 0.35383428106722203 0.31097247413860946 0.3491733517323037 0.31063556254763675 0.38681561560077965 0.4717438504328529 0.3680233217305691 0.3270778160276115 0.4164770624476636 0.37039195159946275 0.32137110946007014 0.2857480498410223 0.3540579408205246 0.4918084826017286 0.3187404514493815 0.26865202414105044 0.16625729993037022 0.6961604762126814 0.22028570793293842 0.2177011874844698 0.2412491618426778 0.08399415446402744 0.43833578486123614 1.0230554551329594 0.3256169425457847 0.5152531963160984 0.3696149258056728 0.22436649852029153
23 0.5252707769116534 0.44627245507816143 0.4407610396475551 0.5599553769286746 0.4857894953744649 0.4411098072348861 0.5293843322651753 0.4861670416677247 0.46234965858303534 0.5769537084712952 0.47725395655185965 0.4970836449978727 0.4764103294061045 0.48446534623199394 0.5296392311504293 0.012728466382249842 0.05664074033424648 0.06061445632091358 0.12475897884418911 0.12771250895669045 0.13445403137484785 0.0892618932887274 0.0 0.20222714106081294 0.12779372987153215 0.09264361212410496 0.15148338129708383 0.1896532017210855 0.07292867606750189 0.08722824419289803 0.3831170812131468 0.3519599060279177 0.4387437423055474 0.3990526045948587 0.43803206006500944 0.39943932582670505 0.4721986800688364 0.5518534769099818 0.4459047189686648 0.41610927290079114 0.5043832903337948 0.45630582342932635 0.4100195958282529 0.3726335804685574 0.4357639059438212 0.5717526745586025 0.38578936197278446 0.3559507175537186 0.08710870251197932 0.7588269622848012 0.29679562187219577 0.2794158613342329 0.17087595062674069 0.16390715613249052 0.5096350716930248 1.1122375217945941 0.4147989980207895 0.6029670462722244 0.4111250563724362 0.2747952851491986
24 0.4589416880476278 0.40353574628666755 0.40389948516204766 0.5070316900784034 0.4686813366023635 0.35918484470947 0.4705590046772841 0.3949884102699336 0.4161882604416731 0.5251727948954484 0.4068183000101702 0.45744281235066236 0.46000593284602365 0.43761003822066885 0.4512072037665768 0.19411628580433413 0.16548175569892776 0.17595400881670484 0.20469870883435196 0.0765198615266531 0.07197429262132199 0.1296964794882517 0.20222714106081294 0.0 0.07663721262449155 0.12418596929452559 0.1269156350807945 0.013830478527639313 0.1490074927922018 0.1238609156066526 0.2006645590088201 0.14980100783016342 0.24375872870549029 0.21845382655532847 0.2630114932217938 0.22581318535164352 0.27776822054767547 0.3501830312923352 0.24374863445582573 0.24502804192370758 0.31887391431548395 0.2636282788780446 0.23388808269589564 0.18648452123223241 0.2357166604940509 0.3699791150993693 0.1890503749296521 0.2322670351288229 0.28809757078174064 0.5665657249541058 0.0947088052318689 0.27235689890330916 0.2988805843671407 0.14665021541027118 0.44899778123894574 0.9330767187891639 0.24751247943916943 0.4587796584854265 0.25447174085990204 0.10961621928881518
25 0.48862335716455235 0.4227217922341398 0.42077670129161127 0.5323461314153425 0.4794300107263205 0.39283453615065494 0.49753209998089687 0.4331910816562148 0.4370502116830629 0.5503315062117765 0.4370485070114512 0.4766931540886244 0.4702907047316322 0.45924738560482414 0.4854706822537821 0.12104307323149904 0.10081248024359098 0.11366736398048333 0.13890743556793927 0.0006718922692142245 0.00797850280677965 0.07329325242452145 0.12779372987153215 0.07663721262449155 0.0 0.06819292113508613 0.10980680068033441 0.06573579470769159 0.07312556104604001 0.04750026397262342 0.27198959489731234 0.22586608850751144 0.31953038036613163 0.28927406340488826 0.3322038592302058 0.29400358540433114 0.35348188017310683 0.4265251827719707 0.31969288179502847 0.3124825906563919 0.3921347292911784 0.3388421029120234 0.3031716723196524 0.2590606852250757 0.31235091250691605 0.44625443623946864 0.2582203785942933 0.2792937468258834 0.21470076269662197 0.6329287038591935 0.17101974403052636 0.27149952685758094 0.22989858365896634 0.13249793176727648 0.4762677014267296 1.0056456543199637 0.3134962501369473 0.5183507725515396 0.29732967050102105 0.15351991096553239
26 0.4529100975813857 0.3800306938677796 0.3764409611959978 0.4924710253124739 0.4299279706063192 0.36260481906954206 0.4594696558108941 0.40606012505820666 0.39531959140183603 0.5101041934909633 0.40277785995590276 0.4330711716732522 0.42061587025871944 0.4176857579555915 0.4537208425169809 0.08121867587756645 0.042864564931081955 0.05190775861041531 0.16527386590067417 0.067666580185862 0.0760568075508083 0.005568408840916215 0.09264361212410496 0.12418596929452559 0.06819292113508613 0.0 0.0656999871423983 0.11043128127872698 0.08471438984615559 0.06842976229670786 0.2913050423930537 0.2696918601945185 0.3492282244730868 0.30695232272829553 0.3454654474423575 0.30689553685932297 0.382280443499896 0.466725787491948 0.36284916734606315 0.3234791614393585 0.4124219642044211 0.365930384078061 0.3175577976485097 0.2814328505729591 0.3491285897235449 0.4867830623095211 0.31322251012120694 0.26660670554203914 0.17086145221193758 0.6906232641484232 0.21498054455149965 0.21950898914855185 0.24181025721998325 0.08435733577862925 0.43879609203344205 1.0195972170095124 0.3221628405795866 0.5129763585160276 0.364220375799345 0.2188946095637758
27 0.3879198532196835 0.31691156710756296 0.3140168224448304 0.4285501576365364 0.37051206801202274 0.2969287464052216 0.39500104426286536 0.34037406159587436 0.33186675466763643 0.4463144713754748 0.3374907284249889 0.37043541698047766 0.3613075190349776 0.3542133754190814 0.3881916798127764 0.13897399536348493 0.09509775955523067 0.095410445029654 0.22956835539128895 0.1091366277260014 0.11563825183652236 0.06636030006512668 0.15148338129708383 0.1269156350807945 0.10980680068033441 0.0656999871423983 0.0 0.11449122784045315 0.14932157095678164 0.12982027973625362 0.24752111356927595 0.2502448611342666 0.31223583757823076 0.26135485882996856 0.2956523866326085 0.2578144714791946 0.34364291556357524 0.4373360177048908 0.3389448289927929 0.27265863262112183 0.3663053398836334 0.32620961736313636 0.26922360986339045 0.24052041835663357 0.3188561322931669 0.4574233336394742 0.30615754495471925 0.20450361455839453 0.21763187667057313 0.6817216775319147 0.199515518310236 0.1617363678706517 0.3074776521881843 0.022751444381337617 0.3741562575233937 0.9657374839247138 0.26985930711310985 0.45155451898541926 0.3812240231593335 0.23546544834958813
28 0.4552689156916404 0.3978017295801068 0.39776600615685054 0.5026006541094096 0.4616621895246508 0.35609033706310533 0.46638308380996907 0.39294548441461474 0.41077977079071826 0.5207385352313681 0.4031506883530117 0.4518315794323877 0.4528972364466205 0.43238543237747273 0.44844198042459055 0.1812672068787896 0.15189200517762694 0.16223965751037778 0.19803466835075775 0.06554046879301459 0.061960994626498005 0.11593207224598479 0.1896532017210855 0.013830478527639313 0.06573579470769159 0.11043128127872698 0.11449122784045315 0.0 0.13874776772652433 0.11323189212060031 0.2079583966852926 0.16233865739228504 0.25379983382286236 0.22554161359128114 0.26946267745482405 0.23178796798073156 0.28775863210668745 0.36232750717252193 0.2562674115988614 0.2507535261738619 0.32725861792749217 0.27320817667600344 0.24032863851499917 0.19438597049979217 0.24713947605345032 0.38218431329338326 0.2028401117489457 0.231723022042161 0.27516870614058486 0.5803803109436102 0.10716084999820993 0.26304432091388286 0.2915975582194937 0.13477320248040597 0.44484021608646684 0.941239582636079 0.25268909492129255 0.4621853596472467 0.2667393644621207 0.12113374796520167
29 0.537215304614001 0.46473927821562566 0.46108386050543476 0.5771611763187671 0.5136928718433931 0.44567933992011116 0.5440395171909446 0.4883759407385428 0.4800335812696776 0.5948075978159383 0.48680147151096387 0.5177299186872183 0.5043520777671793 0.5023997896928148 0.5373252307812288 0.07282349075819287 0.08305787350828259 0.0962716739349873 0.08055969094760886 0.07337797824950186 0.0770415282858133 0.08581214279073464 0.07292867606750189 0.1490074927922018 0.07312556104604001 0.08471438984615559 0.14932157095678164 0.13874776772652433 0.0 0.0258981659836221 0.3447139230033647 0.2965065588262602 0.39251120636808673 0.36185286493860946 0.40423901176915317 0.3658467362092639 0.42648574032606235 0.4972047823325317 0.3898155305500344 0.38402036222935826 0.46512294919673236 0.4119387191710453 0.37531119595740964 0.33202772991864005 0.38437057957600546 0.5167588891821687 0.3219817717797696 0.3422963668176209 0.15658389951406074 0.6907400943240973 0.24228758988934496 0.3032738868285913 0.16204977870126175 0.16897380372498677 0.523298770990849 1.0783300791522363 0.38451987633105145 0.5855737331739176 0.33873419355681084 0.20541684893265005
30 0.5172494513393285 0.44662053715881167 0.4434755162380309 0.5583662519052635 0.4980547079578646 0.42436990599866103 0.524698303193895 0.4664674154383162 0.4616521928969532 0.5761347226576373 0.46643248924788905 0.5000008435109171 0.4887597683294554 0.48400493301856073 0.5164109545963642 0.08350768727687713 0.07963917511618963 0.09362316346869773 0.1008000222319411 0.04771413232667164 0.05198970099768584 0.07093961324226052 0.08722824419289803 0.1238609156066526 0.04750026397262342 0.06842976229670786 0.12982027973625362 0.11323189212060031 0.0258981659836221 0.0 0.31882371606490556 0.27226865807804584 0.3670298693674145 0.335955494941221 0.37836263603867204 0.3399848181971288 0.40098214289623485 0.4730230799017908 0.36585571993102867 0.35819240121962564 0.43927515078885176 0.38632022204638355 0.34942615123334064 0.3061779957640167 0.35950452120755305 0.49266308581496077 0.3005007424952108 0.31817486643911086 0.17387038095221155 0.6718926547284558 0.21773264549502766 0.28773259437722654 0.18664872294915083 0.15069306106298175 0.5037757980960603 1.0524334553028427 0.3587594688133106 0.5606017722761846 0.3253310069504619 0.18756733142147855
31 0.35195680917447747 0.33392727070752903 0.3405961722481793 0.4067499046901306 0.41215752572646486 0.25668515120397184 0.3696823579100123 0.2724588652366573 0.33978612934147817 0.4235786597782032 0.3055305341499055 0.37940185940332616 0.40587825133119526 0.3557638586813269 0.3323779098291638 0.37227117068289317 0.33272900644089054 0.3376633519373957 0.4053613718390027 0.27166875463764817 0.26937274311374726 0.2954404724789254 0.3831170812131468 0.2006645590088201 0.27198959489731234 0.2913050423930537 0.24752111356927595 0.2079583966852926 0.3447139230033647 0.31882371606490556 0.0 0.11282965912985356 0.07291039197389262 0.01807864632334384 0.06407414521311376 0.033953436294996295 0.0989786555278945 0.20510023110551467 0.13629927249511145 0.05232567622480623 0.12130594148141154 0.0807043097739012 0.03634841705013953 0.01732801947909229 0.09899958413285545 0.22416336472753837 0.18108042561399756 0.13057314180421475 0.4609226506327456 0.4874466876436379 0.13075995306938432 0.2890301608994529 0.4994074500215289 0.2500988092243988 0.3499589468712759 0.7336593791793944 0.06003098444774437 0.2728207343210328 0.3186550189079426 0.2375370544287064
32 0.4578109444225336 0.4287866998184639 0.43357817424042244 0.5118242023035176 0.5047200672252552 0.35912812613420986 0.474351686500458 0.3803855211303034 0.43696801061121804 0.5291780380398169 0.40903437746031335 0.47801825769424655 0.4975040471266706 0.4549886566159324 0.4405459402246385 0.34357991060147464 0.3122928601667074 0.32134808915404717 0.33989745234768354 0.2258131075947885 0.2204066630764776 0.2749433251279333 0.3519599060279177 0.14980100783016342 0.22586608850751144 0.2696918601945185 0.2502448611342666 0.16233865739228504 0.2965065588262602 0.27226865807804584 0.11282965912985356 0.0 0.1122377953016044 0.12775799151145334 0.1704788327174817 0.14676406440045556 0.1440557952231294 0.2007545411239143 0.09395068554639133 0.164401789225965 0.1986347026116378 0.13522562217695494 0.14723406950048853 0.09610156088875627 0.09103838980372514 0.22041583018633853 0.07405813868737586 0.22405848446510643 0.4374013055723865 0.43303364914816517 0.05518011777770748 0.3477720735556321 0.434171214707714 0.26239104169983235 0.45381953903215255 0.8040426333203059 0.17277567378962927 0.3814671412100779 0.20659621063461017 0.13730433411831286
33 0.4048527667298031 0.3970909892375144 0.4047841681881113 0.4599384969288196 0.4758398995205196 0.31533234140239297 0.4238515499842806 0.3237337918254548 0.4013270332570856 0.4758848836648365 0.362068064910986 0.43936820208680605 0.47013485411754424 0.4155356660040808 0.38199994116100344 0.4287361422012564 0.3917226110012863 0.39812675584184426 0.4446850718934188 0.31932533520387396 0.3155313605830143 0.35383428106722203 0.4387437423055474 0.24375872870549029 0.31953038036613163 0.3492282244730868 0.31223583757823076 0.25379983382286236 0.39251120636808673 0.3670298693674145 0.07291039197389262 0.1122377953016044 0.0 0.06964085849544747 0.0856305889227677 0.08904487076936318 0.034018852482281 0.13221035146597881 0.07926890429730564 0.09517899692557856 0.08719549296617592 0.023136936031563134 0.08017383021401421 0.07333320506226677 0.03968170687997534 0.15138248827570153 0.15669094181563062 0.19921438625252086 0.5200798550238647 0.4176364108983748 0.15566367170727802 0.3618665089310475 0.5394284728915612 0.317295156463642 0.4053649469901131 0.693939403775998 0.10615544273053698 0.2833286818586275 0.2956640091575364 0.24953078112115956
34 0.3432942017175568 0.3295713787214008 0.33680590317050146 0.3982830579914972 0.40815621457642093 0.25001568504361943 0.36149994879832337 0.263041927327672 0.33461559283866116 0.4148369967547179 0.2981103172525218 0.37355043708033103 0.40218550234681716 0.34979322023850595 0.32260210058911803 0.3880595752125855 0.3480359635887089 0.3525894182250841 0.42312809953321034 0.28894208341211514 0.2867943589001487 0.31097247413860946 0.3990526045948587 0.21845382655532847 0.28927406340488826 0.30695232272829553 0.26135485882996856 0.22554161359128114 0.36185286493860946 0.335955494941221 0.01807864632334384 0.12775799151145334 0.06964085849544747 0.0 0.04607604832471938 0.021675720388283432 0.09061992027121737 0.20007039286958433 0.14060640623416776 0.03675801900008846 0.10553902459057653 0.07221784370884135 0.01949383735106168 0.034701194379947654 0.1014911932012708 0.21854685915721028 0.19355858266086487 0.12960824564657314 0.4759911856764511 0.4871445641073222 0.14848905503983348 0.2941123427585134 0.5170817244050756 0.2628463132533134 0.3421945850879769 0.7164800491168697 0.04595280401140184 0.2557156869072461 0.3322625952023627 0.2549116759868204
